 CO2H                                                   CO         OH                                           1.000e-03  3.000e-03  2.960e-02  9.870e-02  2.961e-01  9.869e-01  2.961e+00  9.869e+00  2.961e+01  9.869e+01  2.961e+02  9.869e+02  2.807e-01  1.231e+04  4.711e+08  4.678e+10  8.489e+12  9.423e+13  9.563e+14  4.161e+15  4.590e+16  3.831e+17  6.848e+17  1.086e+18  2.930e+00  3.400e-01 -1.870e+00 -3.050e+00 -4.630e+00 -5.120e+00 -5.600e+00 -5.700e+00 -6.190e+00 -6.530e+00 -6.290e+00 -5.960e+00  4.412e+03  9.096e+03  1.145e+04  1.224e+04  1.362e+04  1.387e+04  1.436e+04  1.454e+04  1.536e+04  1.614e+04  1.622e+04  1.634e+04  2.000e+00  1.000e+02
 CO2H                                                   CO2        H                                            1.000e-03  3.000e-03  9.900e-03  2.960e-02  9.870e-02  2.961e-01  9.869e-01  2.961e+00  9.869e+00  2.961e+01  9.869e+01  2.961e+02  9.869e+02  1.668e+09  1.174e+10  7.856e+10  1.275e+12  5.051e+13  4.258e+14  8.850e+15  1.553e+16  1.612e+16  1.465e+17  2.922e+18  2.689e+17  2.211e+18 -3.817e+00 -4.149e+00 -4.434e+00 -5.189e+00 -6.376e+00 -7.037e+00 -8.107e+00 -8.153e+00 -7.919e+00 -8.506e+00 -9.290e+00 -7.832e+00 -8.047e+00  8.895e+03  9.580e+03  1.023e+04  1.128e+04  1.270e+04  1.342e+04  1.463e+04  1.476e+04  1.470e+04  1.574e+04  1.709e+04  1.591e+04  1.723e+04  2.000e+00  1.000e+02
 C2H4OOH                                                C2H5OO                                                  4.000e-02  1.000e+00  1.000e+01  4.619e+01  1.019e+16  8.735e+15  6.960e+00 -1.010e+01 -8.130e+00  1.206e+03  1.310e+04  1.360e+04  2.000e+00  1.000e+02
 C2H5OO                                                 CH3CHO     OH                                           4.000e-02  1.000e+00  1.000e+01  5.726e+11  2.444e+13  1.364e+16 -9.420e+00 -9.220e+00 -1.020e+01  1.830e+04  1.947e+04  2.200e+04  2.000e+00  1.000e+02
 C2H5OO                                                 C2H4       OOH                                          4.000e-02  1.000e+00  1.000e+01  4.606e+14  2.820e+16  2.189e+17 -7.100e+00 -8.470e+00 -8.460e+00  1.653e+04  1.804e+04  1.907e+04  2.000e+00  1.000e+02
 C2H5OO                                                 cC2H4O     OH                                           4.000e-02  1.000e+00  1.000e+01  1.923e+16  4.501e+16  4.870e+17 -1.190e+01 -1.075e+01 -1.046e+01  2.069e+03  2.134e+04  2.294e+04  2.000e+00  1.000e+02
 C2H4OOH                                                cC2H4O     OH                                           4.000e-02  1.000e+00  1.000e+01  4.649e+15  3.007e+16  7.690e+15 -9.400e+00 -8.320e+00 -6.080e+00  1.040e+04  1.080e+04  1.040e+04  2.000e+00  1.000e+02
 C2H4OOH                                                C2H4       OOH                                          4.000e-02  1.000e+00  1.000e+01  2.120e+15  1.069e+17  4.373e+16 -1.020e+01 -9.610e+00 -7.250e+00  1.120e+04  1.200e+04  1.170e+04  2.000e+00  1.000e+02
 C2H4OOH                                                CH3CHO     OH                                           4.000e-02  1.000e+00  1.000e+01  1.052e+07  1.853e+10  5.385e+11 -7.970e+00 -9.880e+00 -9.020e+00  1.050e+04  1.320e+04  1.470e+04  2.000e+00  1.000e+02
 C2H3OO                                                 CHCHO      OH                                           1.000e-02  1.000e-01  3.160e-01  1.000e+00  3.160e+00  1.000e+01  3.160e+01  1.000e+02  3.263e+19  3.849e+11  3.444e+14  1.057e+20  2.298e+21  3.490e+22  1.073e+24  3.165e+66 -1.213e+01 -9.920e+00 -1.053e+01 -1.072e+01 -1.124e+01 -1.164e+01 -1.222e+01 -5.227e+01  3.393e+04  2.074e+04  2.198e+04  2.612e+04  2.725e+04  2.867e+04  3.112e+04  8.228e+04  2.000e+00  1.000e+02
 C2H3OO                                                 CHCHO      OH                                           1.000e-02  1.000e-01  3.160e-01  1.000e+00  3.160e+00  1.000e+01  3.160e+01  1.000e+02  2.410e+19  1.274e+17  2.887e+18  1.921e+33  1.674e+30  6.237e+27  4.445e+22  2.508e+18 -1.481e+01 -9.390e+00 -9.990e+00 -3.677e+01 -2.949e+01 -2.381e+01 -1.394e+01 -6.400e+00  3.055e+04  2.537e+04  2.531e+04  3.528e+04  3.292e+04  3.129e+04  2.787e+04  2.516e+04  2.000e+00  1.000e+02
 C2H3OO                                                 CH2CHO     O3P                                          1.000e-02  1.000e-01  3.160e-01  1.000e+00  3.160e+00  1.000e+01  3.160e+01  1.000e+02  1.145e+61  1.161e+17  7.787e+19  1.475e+29  3.798e+26  7.425e+23  6.919e+23  1.243e+23 -4.819e+01 -8.690e+00 -1.121e+01 -2.128e+01 -1.683e+01 -1.269e+01 -1.179e+01 -1.031e+01  8.520e+04  2.152e+04  2.368e+04  3.275e+04  3.054e+04  2.810e+04  2.853e+04  2.823e+04  2.000e+00  1.000e+02
 C2H3OO                                                 CH2CHO     O3P                                          1.000e-02  1.000e-01  3.160e-01  1.000e+00  3.160e+00  1.000e+01  3.160e+01  1.000e+02  5.239e+13  5.600e+03  2.550e+13  9.547e+16  1.098e+17  4.955e+16  3.322e+16  1.740e+16 -6.640e+00  5.960e+00 -3.710e+00 -6.620e+00 -5.960e+00 -5.100e+00 -4.500e+00 -3.850e+00  2.069e+04  1.152e+04  1.825e+04  2.077e+04  2.076e+04  2.049e+04  2.040e+04  2.019e+04  2.000e+00  1.000e+02
 C2H3OO                                                 CHOCHO     H                                            1.000e-02  1.000e-01  3.160e-01  1.000e+00  3.160e+00  1.000e+01  3.160e+01  1.000e+02  6.528e+25  2.421e+23  3.277e+20  1.264e+19  4.011e+23  1.333e+15  3.235e+17  2.814e+17 -2.220e+01 -1.701e+01 -1.262e+01 -1.012e+01 -1.433e+01 -4.670e+00 -6.380e+00 -5.920e+00  2.604e+04  2.420e+04  2.164e+04  2.053e+04  2.586e+04  1.727e+04  1.989e+04  2.046e+04  2.000e+00  1.000e+02
 C2H3OO                                                 CHOCHO     H                                            1.000e-02  1.000e-01  3.160e-01  1.000e+00  3.160e+00  1.000e+01  3.160e+01  1.000e+02  1.542e+13  1.803e+13  2.061e+12  1.634e+12  3.285e+13  4.287e+15  6.659e+21  5.194e+12 -6.010e+00 -4.800e+00 -3.290e+00 -2.820e+00 -3.540e+00 -5.750e+00 -1.616e+01 -2.560e+00  1.446e+04  1.456e+04  1.386e+04  1.390e+04  1.509e+04  1.736e+04  2.178e+04  1.493e+04  2.000e+00  1.000e+02
 C2H3OO                                                 CH2CO      OH                                           1.000e-02  1.000e-01  3.160e-01  1.000e+00  3.160e+00  1.000e+01  3.160e+01  1.000e+02  4.382e+16  6.652e+04  1.598e+05  1.724e+10  1.053e+15  7.164e+16  5.675e+17  1.253e+18 -1.228e+01 -2.060e+00  1.700e-01 -3.610e+00 -7.390e+00 -7.990e+00 -7.800e+00 -7.210e+00  3.791e+04  1.697e+04  1.722e+04  2.167e+04  2.597e+04  2.752e+04  2.841e+04  2.896e+04  2.000e+00  1.000e+02
 C2H3OO                                                 CH2CO      OH                                           1.000e-02  1.000e-01  3.160e-01  1.000e+00  3.160e+00  1.000e+01  3.160e+01  1.000e+02  3.592e+00  4.820e-04  8.906e+12  1.905e+08  9.143e+03  3.672e+05  9.138e+06  2.155e+08 -7.300e-01  7.840e+00 -2.044e+01 -7.760e+00  3.470e+00  2.640e+00  1.700e+00  5.200e-01  1.294e+04  1.016e+04  2.185e+04  1.873e+04  1.588e+04  1.719e+04  1.834e+04  1.946e+04  2.000e+00  1.000e+02
 C2H3OO                                                 H2CO       HCO                                          1.000e-02  1.000e-01  3.160e-01  1.000e+00  3.160e+00  1.000e+01  3.160e+01  1.000e+02  4.902e+36  1.680e+24  6.470e+18  7.833e+16  1.081e+64  1.003e+17  9.828e+17  7.936e+16 -5.552e+01 -1.725e+01 -9.870e+00 -6.880e+00 -4.353e+01 -6.060e+00 -6.570e+00 -5.190e+00  3.035e+04  2.421e+04  1.910e+04  1.730e+04  9.657e+04  1.786e+04  1.938e+04  1.852e+04  2.000e+00  1.000e+02
 C2H3OO                                                 H2CO       HCO                                          1.000e-02  1.000e-01  3.160e-01  1.000e+00  3.160e+00  1.000e+01  3.160e+01  1.000e+02  4.106e+15  1.075e+14  3.403e+12  2.994e+32  2.256e+17  1.315e+42  5.246e+50  1.425e+07 -7.970e+00 -4.960e+00 -3.080e+00 -3.938e+01 -6.870e+00 -5.378e+01 -5.422e+01  1.810e+00  1.574e+04  1.448e+04  1.340e+04  2.753e+04  1.796e+04  3.447e+04  4.478e+04  9.108e+03  2.000e+00  1.000e+02
 C2H3OO                                                 CO         CH3O                                         1.000e-02  1.000e-01  3.160e-01  1.000e+00  3.160e+00  1.000e+01  3.160e+01  1.000e+02  1.251e+14  9.889e+30  1.764e+15  5.597e+15  3.395e+30  1.626e+16  9.248e+19  1.000e-10 -7.920e+00 -2.709e+01 -7.270e+00 -7.200e+00 -1.961e+01 -6.620e+00 -1.004e+01  0.000e+00  1.576e+04  3.224e+04  1.699e+04  1.766e+04  3.768e+04  1.872e+04  2.367e+04  0.000e+00  2.000e+00  1.000e+02
 C2H3OO                                                 CO         CH3O                                         1.000e-02  1.000e-01  3.160e-01  1.000e+00  3.160e+00  1.000e+01  3.160e+01  1.000e+02  4.692e+25  3.514e+13  1.360e-08  6.154e-06  5.923e+29  4.687e+06  5.895e+11  5.107e+08 -4.186e+01 -5.990e+00  1.663e+01  1.361e+01 -2.308e+01  1.440e+00 -2.230e+00  1.694e+00  2.307e+04  1.537e+04 -1.963e+03 -6.627e+02  3.070e+04  9.390e+03  1.439e+04  1.174e+04  2.000e+00  1.000e+02
 C2H3OH                                                 CH3CHO                                                  1.000e-01  1.000e+00  1.000e+02  5.152e+20  1.344e+20  4.863e+16 -1.056e+01 -9.090e+00 -4.350e+00  3.393e+04  3.375e+04  3.100e+04  2.000e+00  1.000e+02
 O2CH2CHO                                               HO2CH2CO                                                1.000e-02  1.000e-01  1.000e+00  1.000e+01  2.784e+14  7.537e+13  5.278e+12  1.044e+12 -6.650e+00 -4.990e+00 -2.920e+00 -1.670e+00  1.233e+04  1.196e+04  1.116e+04  1.067e+04  2.000e+00  1.000e+02
 O2CH2CHO                                               CH2CO      OOH                                          1.000e-02  1.000e-01  1.000e+00  1.000e+01  2.194e+07  1.196e+11  3.799e+16  2.071e+21 -1.331e+01 -1.400e+01 -1.576e+01 -1.604e+01  2.624e+04  2.627e+04  2.772e+04  3.020e+04  2.000e+00  1.000e+02
 HO2CH2CO                                               CH2CO      OOH                                          1.000e-02  1.000e-01  1.000e+00  1.000e+01  5.436e-03  5.338e-02  5.298e-01  3.360e+00 -3.760e+00 -3.760e+00 -3.730e+00 -3.550e+00  1.091e+04  1.091e+04  1.088e+04  1.068e+04  2.000e+00  1.000e+02
 C2H5OH                                                 C2H4       H2O                                          1.000e-03  1.000e-02  1.000e-01  1.000e+00  1.000e+01  1.000e+02  2.278e+24  2.969e+24  5.378e+23  4.700e+21  6.165e+18  3.030e+15 -1.420e+01 -1.330e+01 -1.150e+01 -8.900e+00 -5.600e+00 -2.060e+00  4.211e+04  4.291e+04  4.265e+04  4.102e+04  3.828e+04  3.496e+04  2.000e+00  1.000e+02
 C2H5OH                                                 CH3        CH2OH                                        1.000e-03  1.000e-02  1.000e-01  1.000e+00  1.000e+01  1.000e+02  1.331e+22  1.083e+25  2.040e+28  6.699e+28  5.269e+27  1.136e+25 -1.290e+01 -1.400e+01 -1.530e+01 -1.450e+01 -1.230e+01 -8.960e+00  5.032e+04  5.027e+04  5.303e+04  5.343e+04  5.322e+04  5.085e+04  2.000e+00  1.000e+02
 C2H5OH                                                 C2H5       OH                                           1.000e-03  1.000e-02  1.000e-01  1.000e+00  1.000e+01  1.000e+02  8.261e+18  6.736e+22  3.241e+26  5.498e+28  1.787e+28  1.888e+26 -1.130e+01 -1.350e+01 -1.500e+01 -1.490e+01 -1.340e+01 -1.030e+01  5.588e+04  5.396e+04  5.516e+04  5.653e+04  5.690e+04  5.532e+04  2.000e+00  1.000e+02
 SC2H4OH                                                CH3CHO     H                                            1.000e-03  1.000e-02  1.000e-01  1.000e+00  1.000e+01  2.000e+01  5.000e+01  1.000e+02  4.085e+19  3.469e+21  7.202e+22  1.429e+23  7.304e+21  1.450e+21  1.093e+20  1.253e+19 -1.338e+01 -1.412e+01 -1.416e+01 -1.315e+01 -1.064e+01 -9.590e+00 -8.060e+00 -6.840e+00  2.267e+04  2.422e+04  2.553e+04  2.611e+04  2.531e+04  2.477e+04  2.387e+04  2.310e+04  2.000e+00  1.000e+02
 SC2H4OH                                                C2H3OH     H                                            1.000e-03  1.000e-02  1.000e-01  1.000e+00  1.000e+01  2.000e+01  5.000e+01  1.000e+02  8.384e+17  9.884e+19  7.651e+21  3.889e+22  3.426e+21  7.456e+20  5.700e+19  6.775e+18 -1.163e+01 -1.255e+01 -1.315e+01 -1.251e+01 -1.020e+01 -9.170e+00 -7.650e+00 -6.410e+00  2.230e+04  2.377e+04  2.551e+04  2.645e+04  2.589e+04  2.538e+04  2.451e+04  2.374e+04  2.000e+00  1.000e+02
 SC2H4OH                                                C2H5O                                                   1.000e-03  1.000e-02  1.000e-01  1.000e+00  1.000e+01  2.000e+01  5.000e+01  1.000e+02  8.509e+16  5.792e+18  1.057e+21  1.937e+22  4.167e+21  1.060e+21  8.949e+19  1.094e+19 -1.163e+01 -1.237e+01 -1.340e+01 -1.331e+01 -1.132e+01 -1.033e+01 -8.830e+00 -7.580e+00  2.231e+04  2.337e+04  2.533e+04  2.674e+04  2.653e+04  2.608e+04  2.526e+04  2.451e+04  2.000e+00  1.000e+02
 SC2H4OH                                                1C2H4OH                                                 1.000e-03  1.000e-02  1.000e-01  1.000e+00  1.000e+01  2.000e+01  5.000e+01  1.000e+02  2.992e+14  3.387e+15  7.116e+16  1.417e+19  1.708e+21  2.199e+21  9.407e+20  2.278e+20 -8.860e+00 -8.890e+00 -9.190e+00 -1.034e+01 -1.106e+01 -1.074e+01 -9.840e+00 -8.830e+00  2.567e+04  2.572e+04  2.612e+04  2.783e+04  2.992e+04  3.014e+04  2.999e+04  2.956e+04  2.000e+00  1.000e+02
 2C2H4OH                                                CH3        H2CO                                         1.000e-02  1.000e-01  1.000e+00  1.000e+01  1.000e+02  4.898e+12  4.502e+14  5.356e+15  1.444e+16  1.578e+17 -4.515e+00 -5.727e+00 -5.610e+00 -4.707e+00 -4.936e+00  1.270e+04  1.384e+04  1.454e+04  1.496e+04  1.600e+04  2.000e+00  1.000e+02
 CH3OCH2O2                                              CH2OCH2O2H                                              1.000e-03  1.000e-02  1.000e+00  2.000e+00  1.000e+01  2.000e+01  5.000e+01  1.000e+02  9.391e+11  2.241e+12  4.077e+13  4.769e+13  1.882e+13  7.376e+12  1.774e+12  5.876e+11 -6.990e+00 -6.160e+00 -4.760e+00 -4.480e+00 -3.380e+00 -2.740e+00 -1.820e+00 -1.130e+00  1.130e+04  1.088e+04  1.142e+04  1.151e+04  1.127e+04  1.097e+04  1.048e+04  1.008e+04  2.000e+00  1.000e+02
 C2O5H5-1                                               HO2CH2OCHO OH                                           1.000e-03  1.000e-02  1.000e+00  2.000e+00  1.000e+01  2.000e+01  5.000e+01  1.000e+02  7.384e+11  4.537e+13  1.665e+12  4.735e+11  4.718e+10  2.415e+10  1.289e+10  1.033e+10 -4.880e+00 -5.320e+00 -1.810e+00 -1.110e+00  1.800e-01  5.400e-01  8.400e-01  9.800e-01  9.463e+03  1.134e+04  1.066e+04  1.022e+04  9.362e+03  9.108e+03  8.887e+03  8.790e+03  2.000e+00  1.000e+02
 CH3OCO                                                 CH3        CO2                                          5.000e-02  1.000e+00  1.000e+01  1.000e+02  5.529e+09  3.663e+11  6.532e+12  2.854e+13 -1.310e+00 -1.830e+00 -2.100e+00 -1.810e+00  4.739e+03  5.707e+03  6.455e+03  6.872e+03  2.000e+00  1.000e+02
 CH3OCO                                                 CH3O       CO                                           5.000e-02  1.000e+00  1.000e+01  1.000e+02  1.616e+06  4.151e+07  4.949e+10  8.506e+13  1.290e+00  8.100e-01 -1.720e+00 -3.440e+00  1.278e+04  1.106e+04  1.095e+04  1.187e+04  2.000e+00  1.000e+02
 C3H6                                                   C2H3       CH3                                          1.000e-02  1.000e-01  1.000e+00  1.000e+01  1.000e+02  8.953e+31  3.986e+32  1.435e+33  5.903e+32  1.377e+31 -1.870e+01 -1.790e+01 -1.720e+01 -1.580e+01 -1.340e+01  6.542e+04  6.642e+04  6.743e+04  6.844e+04  6.793e+04  2.000e+00  1.000e+02
 C3H6                                                   C2H3       CH3                                          1.000e-02  1.000e-01  1.000e+00  1.000e+01  1.000e+02  3.460e+25  2.315e+26  3.945e+25  1.154e+24  1.845e+22 -1.360e+01 -1.370e+01 -1.180e+01 -9.270e+00 -6.700e+00  5.701e+04  5.781e+04  5.729e+04  5.611e+04  5.472e+04  2.000e+00  1.000e+02
 C3H4-A                                                 C3H4-P                                                  1.000e+00  1.000e+01  3.702e+20  8.105e+23 -7.800e+00 -1.000e+01  3.948e+04  4.463e+04  2.000e+00  1.000e+02
 C3H4-P                                                 C3H3       H                                            1.000e+00  1.000e+01  1.908e+19  1.510e+18 -4.655e+00 -2.787e+00  4.726e+04  4.649e+04  2.000e+00  1.000e+02
 C3H4-A                                                 C3H3       H                                            1.000e+00  1.000e+01  2.274e+19  1.798e+18 -4.749e+00 -2.950e+00  4.634e+04  4.560e+04  2.000e+00  1.000e+02
 HCNO                                                   HCN        O3P                                          1.000e-01  1.000e+00  1.000e+01  2.312e+15  2.906e+16  1.904e+17 -6.030e+00 -6.120e+00 -5.850e+00  3.056e+04  3.080e+04  3.117e+04  2.000e+00  1.000e+02
 NCNOH                                                  NCO        NH                                           1.000e-02  3.000e-02  5.000e-02  1.000e-01  3.000e-01  1.000e+00  3.000e+00  1.000e+01  3.000e+01  1.000e+02  1.493e+16  4.004e+16  5.639e+16  1.931e+17  1.257e+17  7.723e+17  9.802e+17  9.595e+17  4.808e+17  9.278e+16 -7.730e+00 -7.670e+00 -7.610e+00 -7.930e+00 -7.200e+00 -7.620e+00 -7.270e+00 -6.810e+00 -6.100e+00 -4.970e+00  2.839e+04  2.862e+04  2.872e+04  2.915e+04  2.914e+04  3.001e+04  3.046e+04  3.102e+04  3.140e+04  3.163e+04  2.000e+00  1.000e+02
 NCNOH                                                  HCN        NO                                           1.000e-02  3.000e-02  5.000e-02  1.000e-01  3.000e-01  1.000e+00  3.000e+00  1.000e+01  3.000e+01  1.000e+02  1.824e+11  9.791e+11  2.637e+12  2.403e+13  9.503e+13  2.593e+15  1.296e+16  4.938e+16  8.447e+16  6.206e+16 -4.810e+00 -4.880e+00 -4.970e+00 -5.530e+00 -5.350e+00 -6.140e+00 -6.140e+00 -5.990e+00 -5.570e+00 -4.780e+00  2.645e+04  2.708e+04  2.742e+04  2.816e+04  2.866e+04  2.982e+04  3.042e+04  3.102e+04  3.143e+04  3.168e+04  2.000e+00  1.000e+02
 H2CNO                                                  HNCO       H                                            1.000e-01  1.000e+00  1.000e+01  6.333e+18  6.240e+19  2.019e+19 -9.300e+00 -9.110e+00 -7.640e+00  2.602e+04  2.709e+04  2.696e+04  2.000e+00  1.000e+02
 CH2NO2                                                 H2CO       NO                                           5.000e-02  1.000e+00  5.000e+11  1.000e+13  0.000e+00  0.000e+00  1.812e+04  1.812e+04  2.000e+00  1.000e+02
 C2H5NO2                                                C2H5       NO2                                          1.000e-02  4.600e-02  1.000e-01  1.000e+00  1.000e+01  1.762e+25  3.195e+26  1.014e+27  9.372e+27  1.164e+28 -1.503e+01 -1.552e+01 -1.564e+01 -1.549e+01 -1.448e+01  3.589e+04  3.699e+04  3.749e+04  3.863e+04  3.902e+04  2.000e+00  1.000e+02
 C2H5NO2                                                C2H4       HNO2                                         1.000e-02  4.600e-02  1.000e-01  1.000e+00  1.000e+01  1.179e+29  4.108e+28  1.752e+28  8.257e+26  1.093e+25 -2.074e+01 -1.955e+01 -1.887e+01 -1.652e+01 -1.371e+01  3.730e+04  3.705e+04  3.685e+04  3.596e+04  3.458e+04  2.000e+00  1.000e+02
 CH2NH2                                                 CH2NH      H                                            1.000e-01  1.000e+00  1.000e+01  4.739e+19  3.782e+21  7.208e+21 -1.024e+01 -1.082e+01 -9.950e+00  2.406e+04  2.619e+04  2.694e+04  2.000e+00  1.000e+02
 CH3NH                                                  CH2NH      H                                            1.000e-01  1.000e+00  1.000e+01  3.849e+16  1.680e+19  6.372e+20 -7.920e+00 -9.240e+00 -9.510e+00  1.829e+04  2.080e+04  2.277e+04  2.000e+00  1.000e+02
 H2CN                                                   HCN        H                                            1.000e-01  1.000e+00  1.000e+01  1.503e+14  5.970e+15  1.045e+16 -6.030e+00 -6.460e+00 -5.460e+00  1.504e+04  1.616e+04  1.638e+04  2.000e+00  1.000e+02
 HCNH                                                   HCN        H                                            1.000e-01  1.000e+00  1.000e+01  1.013e+13  4.904e+14  9.474e+14 -5.200e+00 -5.690e+00 -4.770e+00  1.106e+04  1.221e+04  1.249e+04  2.000e+00  1.000e+02
 SCHS                                                   CS2        H                                            1.000e-02  3.000e-02  1.000e-01  3.000e-01  1.000e+00  3.000e+00  1.000e+01  3.000e+01  1.000e+02  4.209e+12  8.812e+12  1.846e+13  3.078e+13  4.566e+13  6.326e+13  5.900e+13  4.336e+13  2.332e+13 -4.080e+00 -3.880e+00 -3.660e+00 -3.380e+00 -2.980e+00 -2.630e+00 -2.080e+00 -1.480e+00 -7.300e-01  1.539e+04  1.552e+04  1.566e+04  1.575e+04  1.581e+04  1.587e+04  1.584e+04  1.575e+04  1.557e+04  2.000e+00  1.000e+02
 CH2S2H                                                 CHS        H2S                                          1.000e-06  3.000e-06  1.000e-05  3.000e-05  1.000e-04  3.000e-04  1.000e-03  3.000e-03  1.000e-02  3.000e-02  1.000e-01  3.000e-01  1.000e+00  3.000e+00  1.000e+01  3.000e+01  1.000e+02  3.000e+02  1.000e+03  2.553e-01  1.061e-01  3.199e-01  1.286e+00  3.207e+00  8.839e+00  2.803e+01  8.509e+01  2.951e+02  8.729e+02  3.352e+03  1.699e+04  3.339e+05  1.370e+07  2.032e+09  8.681e+10  9.615e+11  1.721e+12  1.051e+12  1.410e+00  2.510e+00  2.600e+00  2.430e+00  2.570e+00  2.650e+00  2.660e+00  2.650e+00  2.630e+00  2.610e+00  2.500e+00  2.170e+00  1.210e+00 -1.000e-02 -1.660e+00 -2.540e+00 -2.520e+00 -1.760e+00 -6.100e-01  1.056e+04  9.871e+03  9.825e+03  9.918e+03  9.823e+03  9.765e+03  9.737e+03  9.716e+03  9.681e+03  9.618e+03  9.542e+03  9.529e+03  9.812e+03  1.037e+04  1.137e+04  1.218e+04  1.271e+04  1.282e+04  1.265e+04  2.000e+00  1.000e+02
 CH2S2H                                                 CH3S2                                                   1.000e-06  3.000e-06  1.000e-05  3.000e-05  1.000e-04  3.000e-04  1.000e-03  3.000e-03  1.000e-02  3.000e-02  1.000e-01  3.000e-01  1.000e+00  3.000e+00  1.000e+01  3.000e+01  1.000e+02  3.000e+02  1.000e+03  2.876e+10  2.848e+10  2.693e+10  2.612e+10  2.478e+10  2.325e+10  2.231e+10  2.049e+10  1.798e+10  1.396e+10  7.917e+09  2.821e+09  6.375e+08  2.826e+08  7.832e+08  3.647e+09  6.250e+10  4.853e+10  7.519e+10 -1.019e+01 -1.013e+01 -1.008e+01 -1.003e+01 -9.950e+00 -9.870e+00 -9.800e+00 -9.720e+00 -9.540e+00 -9.230e+00 -8.580e+00 -7.380e+00 -5.430e+00 -3.620e+00 -2.570e+00 -1.920e+00 -2.200e+00 -9.000e-01 -3.600e-01  1.085e+04  1.083e+04  1.081e+04  1.079e+04  1.076e+04  1.073e+04  1.071e+04  1.069e+04  1.064e+04  1.055e+04  1.036e+04  1.002e+04  9.526e+03  9.241e+03  9.504e+03  9.935e+03  1.080e+04  1.073e+04  1.089e+04  2.000e+00  1.000e+02
 CH2S2H                                                 HSCH2S                                                  1.000e-06  3.000e-06  1.000e-05  3.000e-05  1.000e-04  3.000e-04  1.000e-03  3.000e-03  1.000e-02  3.000e-02  1.000e-01  3.000e-01  1.000e+00  3.000e+00  1.000e+01  3.000e+01  1.000e+02  3.000e+02  1.000e+03  4.223e+10  1.282e+11  4.253e+11  1.027e+12  1.885e+12  3.253e+12  6.131e+12  9.189e+12  1.652e+13  3.510e+13  9.119e+13  1.902e+14  3.430e+14  4.518e+14  5.167e+14  3.159e+14  1.326e+14  1.585e+15  3.311e+14 -9.850e+00 -9.910e+00 -1.003e+01 -9.990e+00 -9.790e+00 -9.720e+00 -9.700e+00 -9.570e+00 -9.440e+00 -9.390e+00 -9.390e+00 -9.230e+00 -8.830e+00 -8.210e+00 -7.440e+00 -6.390e+00 -5.120e+00 -5.760e+00 -4.130e+00  1.064e+04  1.071e+04  1.080e+04  1.082e+04  1.075e+04  1.073e+04  1.075e+04  1.073e+04  1.076e+04  1.083e+04  1.096e+04  1.104e+04  1.107e+04  1.104e+04  1.100e+04  1.081e+04  1.048e+04  1.147e+04  1.124e+04  2.000e+00  1.000e+02
 CH2CHSH                                                CH3CHS                                                  1.000e-01  1.000e+00  1.000e+02  5.152e+20  1.344e+20  4.863e+16 -1.056e+01 -9.090e+00 -4.350e+00  3.393e+04  3.375e+04  3.100e+04  2.000e+00  1.000e+02
