 CH3        OH                                          1CH2       H2O                                          1.000e-02  1.000e-01  1.000e+00  1.000e+01  1.000e+02  1.805e-11  2.370e-11  1.523e-10  1.216e-08  1.932e-09 -6.690e-01 -7.780e-01 -1.518e+00 -3.155e+00 -1.962e+00 -2.243e+02 -8.837e+01  8.917e+02  3.524e+03  4.149e+03  2.000e+00  1.000e+02
 CH3        OH                                          H2CO       H2                                           1.000e-02  1.000e-01  1.000e+00  1.000e+01  1.000e+02  2.158e-15  2.848e-15  7.046e-15  4.586e-14  5.630e-11  1.441e+00  1.327e+00  9.730e-01  2.870e-01 -2.199e+00 -1.632e+03 -1.497e+03 -1.011e+03  1.409e+02  4.916e+03  2.000e+00  1.000e+02
 CH3        OH                                          CH2OH      H                                            1.000e-02  1.000e-01  1.000e+00  1.000e+01  1.000e+02  6.614e-12  6.768e-12  9.005e-12  5.438e-11  2.063e-10  9.650e-01  9.500e-01  8.330e-01  1.340e-01 -1.860e-01  1.617e+03  1.634e+03  1.794e+03  2.839e+03  4.328e+03  2.000e+00  1.000e+02
 CH3        OH                                          H          CH3O                                         1.000e-02  1.000e-01  1.000e+00  1.000e+01  1.000e+02  6.473e-13  6.484e-13  6.524e-13  7.336e-13  2.017e-12  1.016e+00  1.016e+00  1.011e+00  9.650e-01  5.510e-01  6.008e+03  6.008e+03  6.013e+03  6.069e+03  6.577e+03  2.000e+00  1.000e+02
 CH3        OH                                          HCOH       H2                                           1.000e-02  1.000e-01  1.000e+00  1.000e+01  1.000e+02  1.282e-13  1.881e-13  6.295e-13  8.122e-10  1.351e-09  7.870e-01  6.300e-01  1.560e-01 -2.641e+00 -2.402e+00 -1.533e+03 -1.343e+03 -6.884e+02  3.227e+03  4.851e+03  2.000e+00  1.000e+02
 CH3        CH3                                         H          C2H5                                         1.000e-02  1.000e-01  1.000e+00  1.000e+01  1.000e+02  1.433e-11  2.468e-11  6.530e-11  5.558e-12  1.718e-14  1.050e-01 -9.600e-02 -3.620e-01  8.850e-01  3.230e+00  5.366e+03  5.740e+03  6.729e+03  6.810e+03  5.654e+03  2.000e+00  1.000e+02
 C2H5       O2                                          C2H5OO                                                  4.000e-02  1.000e+00  1.000e+01  2.087e-05  2.194e-02  2.440e-01 -1.390e+01 -1.528e+01 -1.491e+01  4.669e+03  7.166e+03  8.172e+03  2.000e+00  1.000e+02
 C2H5       O2                                          C2H4OOH                                                 4.000e-02  1.000e+00  1.000e+01  1.676e-12  2.109e-11  9.769e-08 -9.010e+00 -8.310e+00 -1.149e+01  2.740e+03  3.880e+03  7.342e+03  2.000e+00  1.000e+02
 C2H5       O2                                          C2H4       OOH                                          4.000e-02  1.000e+00  1.000e+01  5.689e-14  1.927e-14  3.953e-12  4.900e-01  1.130e+00 -1.010e+00 -1.970e+02 -3.626e+02  2.390e+03  2.000e+00  1.000e+02
 C2H5       O2                                          cC2H4O     OH                                           4.000e-02  1.000e+00  1.000e+01  1.306e-16  1.017e-16  1.805e-14  1.930e+00  2.180e+00  1.500e-01 -2.530e+02 -3.145e+01  2.722e+03  2.000e+00  1.000e+02
 C2H5       O2                                          CH3CHO     OH                                           4.000e-02  1.000e+00  1.000e+01  5.038e-18  7.875e-17  1.280e-15  4.760e+00  3.570e+00  2.410e+00  1.280e+02  1.330e+03  2.660e+03  2.000e+00  1.000e+02
 C2H4       OH                                          CH3        H2CO                                         1.000e-02  2.500e-02  1.000e-01  1.000e+00  1.000e+01  1.000e+02  1.520e-16  2.736e-16  6.465e-16  4.288e-15  9.598e-14  2.646e-12  2.920e+00  2.710e+00  2.360e+00  1.680e+00  5.600e-01 -5.000e-01 -8.719e+02 -5.899e+02 -9.098e+01  1.037e+03  3.023e+03  5.764e+03  2.000e+00  1.000e+02
 C2H4       OH                                          CH3CHO     H                                            1.000e-02  2.500e-02  1.000e-01  1.000e+00  1.000e+01  1.000e+02  5.293e-18  3.032e-17  3.932e-16  1.916e-16  4.351e-13  1.146e-12  5.300e+00  4.570e+00  3.540e+00  3.910e+00  1.010e+00  8.100e-01 -1.032e+03 -3.110e+02  9.469e+02  8.669e+02  5.287e+03  6.978e+03  2.000e+00  1.000e+02
 C2H4       OH                                          C2H3OH     H                                            1.000e-02  2.500e-02  1.000e-01  1.000e+00  1.000e+01  1.000e+02  4.762e-14  4.899e-14  5.540e-14  1.409e-13  1.123e-12  1.023e-11  2.600e+00  2.600e+00  2.560e+00  2.190e+00  1.430e+00  7.500e-01  2.074e+03  2.078e+03  2.133e+03  2.645e+03  3.940e+03  5.782e+03  2.000e+00  1.000e+02
 C2H4       OH                                          1C2H4OH                                                 1.000e-02  2.500e-02  1.000e-01  1.000e+00  1.000e+01  1.000e+02  3.529e-07  2.275e-08  1.938e-08  2.666e-07  3.209e-07  1.291e-08 -1.046e+01 -8.629e+00 -7.750e+00 -7.752e+00 -6.573e+00 -4.101e+00  3.874e+03  2.624e+03  2.470e+03  3.495e+03  3.827e+03  2.897e+03  2.000e+00  1.000e+02
 C2H3       O2                                          C2H3OO                                                  1.000e-02  1.000e-01  3.160e-01  1.000e+00  3.160e+00  1.000e+01  3.160e+01  1.000e+02  8.133e-14  3.804e-05  1.907e-02  4.268e-02  4.082e-03  1.177e-03  2.250e-04  6.870e-05 -5.450e+00 -1.501e+01 -1.697e+01 -1.579e+01 -1.311e+01 -1.121e+01 -9.380e+00 -8.040e+00  4.862e+03  9.642e+03  1.071e+04  1.014e+04  8.706e+03  8.052e+03  7.453e+03  7.226e+03  2.000e+00  1.000e+02
 C2H3       O2                                          C2H3OO                                                  1.000e-02  1.000e-01  3.160e-01  1.000e+00  3.160e+00  1.000e+01  3.160e+01  1.000e+02  5.633e-23  2.492e-13  1.176e-11  2.615e-10  1.525e-09  2.882e-09  3.017e-09  3.476e-09  4.150e+00 -4.520e+00 -5.430e+00 -5.890e+00 -5.800e+00 -5.370e+00 -4.950e+00 -4.720e+00 -2.369e+03  1.429e+03  1.371e+03  1.587e+03  1.771e+03  1.830e+03  1.817e+03  1.852e+03  2.000e+00  1.000e+02
 C2H3       O2                                          CHCHO      OH                                           1.000e-02  1.000e-01  3.160e-01  1.000e+00  3.160e+00  1.000e+01  3.160e+01  1.000e+02  3.467e-13  4.323e-14  3.426e-14  1.338e-14  3.952e-11  3.844e-15  3.781e-09  1.532e-07 -1.100e-01  5.500e-01  5.600e-01 -1.830e+00 -2.840e+00 -2.260e+00 -4.210e+00 -5.350e+00  1.072e+03  2.315e+01  3.523e-01  2.315e+00  3.789e+03 -2.013e-01  6.567e+03  9.274e+03  2.000e+00  1.000e+02
 C2H3       O2                                          CHCHO      OH                                           1.000e-02  1.000e-01  3.160e-01  1.000e+00  3.160e+00  1.000e+01  3.160e+01  1.000e+02  3.814e-14  1.542e-12  7.627e-13  3.729e-13  1.449e-13  2.627e-12  3.136e-13  4.696e-13 -6.600e-01 -1.160e+00 -7.200e-01 -1.400e-01  2.300e-01 -8.200e-01  5.000e-02 -2.000e-02 -3.019e-01  2.286e+03  1.751e+03  1.004e+03  7.916e+02  2.239e+03  1.899e+03  2.686e+03  2.000e+00  1.000e+02
 C2H3       O2                                          CH2CHO     O3P                                          1.000e-02  1.000e-01  3.160e-01  1.000e+00  3.160e+00  1.000e+01  3.160e+01  1.000e+02  3.183e-10  3.119e-10  3.360e-10  3.215e-10  4.040e-10  3.086e-09  2.390e-08  6.543e-08 -2.670e+00 -2.670e+00 -2.700e+00 -2.650e+00 -2.530e+00 -3.220e+00 -3.770e+00 -3.800e+00  3.393e+03  3.378e+03  3.384e+03  3.265e+03  3.224e+03  4.377e+03  5.802e+03  7.000e+03  2.000e+00  1.000e+02
 C2H3       O2                                          CH2CHO     O3P                                          1.000e-02  1.000e-01  3.160e-01  1.000e+00  3.160e+00  1.000e+01  3.160e+01  1.000e+02  7.755e-13  8.098e-13  8.446e-13  9.169e-13  7.395e-13  7.404e-13  4.956e-13  1.931e-13  6.200e-01  6.200e-01  6.000e-01  5.800e-01  6.700e-01  7.200e-01  9.200e-01  1.280e+00 -1.397e+02 -1.246e+02 -8.177e+01  1.932e+01  1.248e+02  3.916e+02  6.134e+02  7.050e+02  2.000e+00  1.000e+02
 C2H3       O2                                          C2H2       OOH                                          1.000e-02  1.000e-01  3.160e-01  1.000e+00  3.160e+00  1.000e+01  3.160e+01  1.000e+02  2.657e-14  2.536e-14  2.812e-14  3.166e-14  5.629e-14  4.313e-13  2.123e-13  4.505e-11  1.280e+00  1.330e+00  1.270e+00  1.190e+00  1.000e+00  1.200e-01  8.200e-01 -1.450e+00  1.672e+03  1.618e+03  1.666e+03  1.694e+03  1.859e+03  2.955e+03  2.827e+03  6.154e+03  2.000e+00  1.000e+02
 C2H3       O2                                          C2H2       OOH                                          1.000e-02  1.000e-01  3.160e-01  1.000e+00  3.160e+00  1.000e+01  3.160e+01  1.000e+02  5.128e-16  4.960e-16  5.334e-16  5.246e-16  2.506e-16  3.663e-16  7.423e-16  6.432e-16  2.750e+00  2.730e+00  2.730e+00  2.760e+00  3.070e+00  3.070e+00  0.000e+00  2.940e+00 -4.008e+02 -3.866e+02 -3.314e+02 -2.480e+02 -3.024e+02  4.313e+01  4.806e+02  9.294e+02  2.000e+00  1.000e+02
 C2H3       O2                                          CHOCHO     H                                            1.000e-02  1.000e-01  3.160e-01  1.000e+00  3.160e+00  1.000e+01  3.160e+01  1.000e+02  2.234e-12  2.216e-12  2.387e-12  3.949e-12  2.145e-11  4.307e-12  4.695e-07  2.937e-07 -1.030e+00 -1.040e+00 -1.070e+00 -1.290e+00 -2.130e+00 -1.090e+00 -6.500e+00 -5.760e+00  4.589e+02  4.642e+02  4.946e+02  7.251e+02  1.627e+03  1.204e+03  7.503e+03  8.177e+03  2.000e+00  1.000e+02
 C2H3       O2                                          CHOCHO     H                                            1.000e-02  1.000e-01  3.160e-01  1.000e+00  3.160e+00  1.000e+01  3.160e+01  1.000e+02  4.731e-18  4.913e-18  6.988e-18  5.253e-17  3.049e-15  1.754e-16  2.236e-13  5.195e-14  4.040e+00  4.010e+00  3.890e+00  3.150e+00  1.670e+00 -3.080e+00  2.200e-01  8.300e-01 -3.532e+03 -3.511e+03 -3.406e+03 -2.766e+03 -1.475e+03 -2.434e+03  4.737e+02  4.316e+02  2.000e+00  1.000e+02
 C2H3       O2                                          CH2CO      OH                                           1.000e-02  1.000e-01  3.160e-01  1.000e+00  3.160e+00  1.000e+01  3.160e+01  1.000e+02  1.342e-15  1.380e-15  1.380e-15  1.465e-15  1.423e-15  1.619e-15  1.361e-14  2.148e-13  2.410e+00  2.410e+00  2.400e+00  2.390e+00  2.380e+00  2.360e+00  1.420e+00  3.600e-01  3.050e+03  3.059e+03  3.076e+03  3.110e+03  3.109e+03  3.057e+03  4.267e+03  6.044e+03  2.000e+00  1.000e+02
 C2H3       O2                                          CH2CO      OH                                           1.000e-02  1.000e-01  3.160e-01  1.000e+00  3.160e+00  1.000e+01  3.160e+01  1.000e+02  1.618e-17  1.738e-17  1.918e-17  2.497e-17  3.472e-17  1.260e-17  5.302e-18  1.474e-17  3.120e+00  3.110e+00  3.080e+00  3.010e+00  2.900e+00  2.930e+00  4.210e+00  3.970e+00  6.698e+02  6.960e+02  7.528e+02  8.942e+02  1.120e+03  1.033e+03  1.028e+03  1.718e+03  2.000e+00  1.000e+02
 C2H3       O2                                          H2CO       HCO                                          1.000e-02  1.000e-01  3.160e-01  1.000e+00  3.160e+00  1.000e+01  3.160e+01  1.000e+02  6.171e-07  6.022e-07  5.734e-07  3.341e-07  7.439e-07  1.257e-06  2.279e-10  1.259e-06 -7.600e+00 -7.600e+00 -7.570e+00 -7.320e+00 -7.470e+00 -7.200e+00 -2.570e+00 -6.280e+00  6.361e+03  6.346e+03  6.285e+03  5.948e+03  6.270e+03  6.758e+03  2.807e+03  8.052e+03  2.000e+00  1.000e+02
 C2H3       O2                                          H2CO       HCO                                          1.000e-02  1.000e-01  3.160e-01  1.000e+00  3.160e+00  1.000e+01  3.160e+01  1.000e+02  5.088e-12  5.145e-12  5.092e-12  5.743e-12  6.711e-12  5.076e-12  3.963e-03  2.066e-13 -1.280e+00 -1.280e+00 -1.290e+00 -1.310e+00 -1.360e+00 -1.180e+00 -1.923e+01  1.900e-01  2.593e+02  2.582e+02  2.620e+02  3.249e+02  5.364e+02  7.191e+02  7.428e+03  4.180e+02  2.000e+00  1.000e+02
 C2H3       O2                                          CO         CH3O                                         1.000e-02  1.000e-01  3.160e-01  1.000e+00  3.160e+00  1.000e+01  3.160e+01  1.000e+02  3.503e-12  3.622e-13  3.657e-13  2.604e-14  1.162e-19  3.628e-14  5.787e-12  1.013e-07 -2.660e+00 -1.320e+00 -1.330e+00 -3.300e-01 -3.000e+00 -5.630e+00 -2.220e+00 -6.450e+00  1.611e+03  4.458e+02  4.532e+02 -3.763e+02 -4.526e+03  9.058e-01  2.606e+03  8.459e+03  2.000e+00  1.000e+02
 C2H3       O2                                          CO         CH3O                                         1.000e-02  1.000e-01  3.160e-01  1.000e+00  3.160e+00  1.000e+01  3.160e+01  1.000e+02  5.980e-15  5.492e-20  2.668e-20  1.631e-11  8.043e-13  2.163e-12  9.489e-04  1.070e-14  1.800e-01 -2.930e+00 -2.930e+00 -3.540e+00 -1.620e+00 -1.960e+00 -2.069e+01  3.100e-01 -8.640e+02 -4.813e+03 -5.093e+03  2.401e+03  9.305e+02  1.673e+03  7.981e+03  5.153e+02  2.000e+00  1.000e+02
 C2H3       O2                                          CO2        CH3                                          1.000e-02  1.000e-01  3.160e-01  1.000e+00  3.160e+00  1.000e+01  3.160e+01  1.000e+02  2.358e-08  2.162e-08  1.473e-08  3.047e-09  3.824e-08  7.721e-08  5.760e-12  4.443e-08 -7.760e+00 -7.720e+00 -7.550e+00 -6.700e+00 -7.750e+00 -7.530e+00 -2.440e+00 -6.320e+00  6.356e+03  6.300e+03  6.109e+03  5.254e+03  6.456e+03  7.070e+03  2.721e+03  8.147e+03  2.000e+00  1.000e+02
 C2H3       O2                                          CO2        CH3                                          1.000e-02  1.000e-01  3.160e-01  1.000e+00  3.160e+00  1.000e+01  3.160e+01  1.000e+02  1.393e-13  1.387e-13  1.360e-13  1.325e-13  1.822e-13  1.484e-13  3.560e-04  6.365e-15 -1.160e+00 -1.160e+00 -1.160e+00 -1.140e+00 -1.260e+00 -1.110e+00 -2.011e+01  2.500e-01  2.045e+02  2.020e+02  1.998e+02  2.248e+02  4.970e+02  7.090e+02  7.765e+03  4.304e+02  2.000e+00  1.000e+02
 C2H2       OH                                          HCCOH      H                                            1.000e-02  2.500e-02  1.000e-01  1.000e+00  1.000e+01  1.000e+02  2.067e-13  2.780e-13  3.334e-13  3.609e-13  4.043e-13  5.863e-13  2.280e+00  2.160e+00  2.040e+00  2.000e+00  1.970e+00  1.890e+00  6.250e+03  6.315e+03  6.376e+03  6.396e+03  6.446e+03  6.844e+03  2.000e+00  1.000e+02
 C2H2       OH                                          CH2CO      H                                            1.000e-02  2.500e-02  1.000e-01  1.000e+00  1.000e+01  1.000e+02  5.752e-15  1.120e-14  2.857e-14  8.639e-14  1.036e-13  2.836e-14  2.560e+00  2.280e+00  1.920e+00  1.550e+00  1.650e+00  2.450e+00 -4.250e+02 -1.470e+02  3.010e+02  1.060e+03  1.711e+03  2.253e+03  2.000e+00  1.000e+02
 C2H2       OH                                          CH3        CO                                           1.000e-02  2.500e-02  1.000e-01  1.000e+00  1.000e+01  1.000e+02  1.146e-14  2.133e-14  5.067e-14  1.364e-13  1.361e-13  3.321e-14  1.680e+00  1.400e+00  1.050e+00  7.300e-01  9.200e-01  1.770e+00 -1.660e+02  1.140e+02  5.611e+02  1.298e+03  1.880e+03  2.364e+03  2.000e+00  1.000e+02
 C2H2       OH                                          C2H2OH                                                  1.000e-02  2.500e-02  1.000e-01  1.000e+00  1.000e+01  1.000e+02  1.448e-09  1.939e-09  6.278e-09  1.923e-08  3.823e-08  1.140e-08 -7.126e+00 -6.847e+00 -6.717e+00 -6.087e+00 -5.288e+00 -3.754e+00  2.931e+03  2.772e+03  2.930e+03  3.194e+03  3.550e+03  3.293e+03  2.000e+00  1.000e+02
 CH2CHO     O2                                          O2CH2CHO                                                1.000e-02  1.000e-01  1.000e+00  1.000e+01  1.479e-01  1.381e-01  9.219e-03  3.046e-04 -2.190e+01 -1.884e+01 -1.540e+01 -1.220e+01  9.737e+03  9.682e+03  8.882e+03  7.865e+03  2.000e+00  1.000e+02
 CH2CHO     O2                                          CH2CO      OOH                                          1.000e-02  1.000e-01  1.000e+00  1.000e+01  2.318e-13  2.318e-13  2.464e-13  1.277e-12  2.370e+00  2.370e+00  2.330e+00  1.630e+00  1.194e+04  1.377e+04  1.198e+04  1.273e+04  2.000e+00  1.000e+02
 CH2CHO     O2                                          HO2CH2CO                                                1.000e-02  1.000e-01  1.000e+00  1.000e+01  4.043e-13  5.201e-13  3.341e-14  6.749e-16 -2.187e+01 -1.900e+01 -1.555e+01 -1.214e+01  9.571e+03  9.606e+03  8.786e+03  7.528e+03  2.000e+00  1.000e+02
 SC2H4OH    O2                                          CH3CHO     OOH                                          1.000e-02  1.000e-01  1.000e+00  1.000e+01  1.000e+02  7.695e-11  7.695e-11  7.680e-11  1.049e-10  6.037e-10 -1.637e+00 -1.637e+00 -1.638e+00 -1.771e+00 -2.429e+00  4.217e+02  4.217e+02  4.222e+02  5.636e+02  1.555e+03  2.000e+00  1.000e+02
 SC2H4OH    O2                                          C2H3OH     OOH                                          1.000e-02  1.000e-01  1.000e+00  1.000e+01  1.000e+02  1.295e-15  1.303e-15  1.450e-15  3.066e-15  1.176e-14  2.496e+00  2.490e+00  2.446e+00  2.146e+00  1.699e+00 -2.083e+02 -2.023e+02 -1.490e+02  2.365e+02  1.173e+03  2.000e+00  1.000e+02
 2C2H4OH    O2                                          CH3OCH2O2                                               1.000e-03  1.000e-02  1.000e+00  2.000e+00  1.000e+01  2.000e+01  5.000e+01  1.000e+02  8.348e-15  3.626e-13  1.964e-09  2.672e-09  1.183e-09  4.919e-10  1.301e-10  4.673e-11 -3.370e+00 -3.950e+00 -5.240e+00 -5.000e+00 -3.870e+00 -3.230e+00 -2.350e+00 -1.730e+00 -2.161e+03 -1.316e+03  2.057e+03  2.271e+03  2.159e+03  1.903e+03  1.463e+03  1.112e+03  2.000e+00  1.000e+02
 2C2H4OH    O2                                          CH2OCH2O2H                                              1.000e-03  1.000e-02  1.000e+00  2.000e+00  1.000e+01  2.000e+01  5.000e+01  1.000e+02  1.126e-14  4.696e-13  5.282e-10  5.400e-10  2.543e-10  1.480e-10  6.326e-11  2.945e-11 -4.390e+00 -4.960e+00 -5.630e+00 -5.330e+00 -4.360e+00 -3.900e+00 -3.280e+00 -2.810e+00  2.360e+02  1.099e+03  3.949e+03  4.098e+03  4.236e+03  4.274e+03  4.320e+03  4.337e+03  2.000e+00  1.000e+02
 CH2OCH2O2H O2                                          C2O5H5-1                                                1.000e-03  1.000e-02  1.000e+00  2.000e+00  1.000e+01  2.000e+01  5.000e+01  1.000e+02  1.078e-15  8.692e-14  1.178e-10  7.090e-11  1.024e-11  4.470e-12  2.045e-12  1.303e-12 -1.680e+00 -2.500e+00 -3.300e+00 -2.790e+00 -1.480e+00 -1.010e+00 -5.400e-01 -3.200e-01 -2.515e+03 -1.385e+03  1.705e+03  1.576e+03  9.425e+02  6.602e+02  3.658e+02  2.154e+02  2.000e+00  1.000e+02
 CH2OCH2O2H O2                                          HO2CH2OCHO OH                                           1.000e-03  1.000e-02  1.000e+00  2.000e+00  1.000e+01  2.000e+01  5.000e+01  1.000e+02  7.194e-11  4.378e-10  5.816e-08  2.631e-08  1.198e-09  2.568e-10  4.185e-11  1.247e-11 -2.880e+00 -3.590e+00 -5.290e+00 -4.920e+00 -3.680e+00 -3.160e+00 -2.600e+00 -2.310e+00  1.627e+03  2.574e+03  6.437e+03  6.487e+03  6.063e+03  5.790e+03  5.465e+03  5.284e+03  2.000e+00  1.000e+02
 C3H4-A     H                                           C3H4-P     H                                            1.000e-03  3.900e-02  1.000e+00  1.000e+01  1.000e+02  2.258e-11  1.083e-10  6.270e-10  3.892e-07  4.120e-07  8.900e-01  2.600e-01 -3.300e-01 -3.230e+00 -2.670e+00  1.260e+03  2.065e+03  3.239e+03  6.625e+03  7.826e+03  2.000e+00  1.000e+02
 C3H4-A     H                                           C3H4-P     H                                            1.000e-03  3.900e-02  1.000e+00  1.000e+01  1.000e+02  1.661e-34  1.661e-34  1.661e-34  2.387e-12  2.376e-13  0.000e+00  0.000e+00  0.000e+00  1.980e+00  2.620e+00  0.000e+00  0.000e+00  0.000e+00  2.275e+03  2.247e+03  2.000e+00  1.000e+02
 C3H4-A     H                                           CH3        C2H2                                         1.000e-03  3.900e-02  1.000e+00  1.000e+01  1.000e+02  1.259e-12  4.240e-12  6.130e-09  9.105e-10  2.512e-09  1.530e+00  1.200e+00 -1.830e+00 -6.000e-01 -7.900e-01  2.384e+03  3.439e+03  7.550e+03  7.425e+03  8.858e+03  2.000e+00  1.000e+02
 C3H4-A     H                                           CH3        C2H2                                         1.000e-03  3.900e-02  1.000e+00  1.000e+01  1.000e+02  1.661e-34  1.661e-34  8.889e-14  3.664e-13  3.659e-14  0.000e+00  0.000e+00  2.680e+00  1.140e+00  1.710e+00  0.000e+00  0.000e+00  3.188e+03  4.472e+03  4.918e+03  2.000e+00  1.000e+02
 C3H4-P     H                                           CH3        C2H2                                         1.000e-03  3.900e-02  1.000e+00  1.000e+01  1.000e+02  1.527e-11  1.820e-11  7.148e-11  2.698e-10  6.034e-10  1.040e+00  9.890e-01  4.420e-01 -1.000e-02 -2.900e-01  2.003e+03  2.070e+03  2.749e+03  3.590e+03  4.180e+03  2.000e+00  1.000e+02
 CH         N2                                          H          NCN                                          1.000e-02  3.000e-02  1.000e-01  3.000e-01  1.000e+00  3.000e+00  1.000e+01  3.000e+01  1.000e+02  4.139e-13  4.139e-13  4.108e-13  4.747e-13  6.650e-13  1.101e-12  1.711e-12  2.167e-12  1.601e-12  1.060e+00  1.060e+00  1.050e+00  1.010e+00  8.900e-01  7.500e-01  6.200e-01  6.200e-01  8.100e-01  8.031e+03  8.026e+03  8.031e+03  8.112e+03  8.364e+03  8.761e+03  9.299e+03  9.793e+03  1.024e+04  2.000e+00  1.000e+02
 CH         N2                                          HCNN                                                    1.000e-02  3.000e-02  1.000e-01  3.000e-01  1.000e+00  3.000e+00  1.000e+01  3.000e+01  1.000e+02  1.187e-11  2.704e-11  5.675e-11  9.840e-11  1.265e-10  1.197e-10  7.398e-11  4.025e-11  2.006e-11 -4.410e+00 -4.300e+00 -4.170e+00 -4.000e+00 -3.740e+00 -3.380e+00 -2.900e+00 -2.370e+00 -1.780e+00  7.251e+03  7.428e+03  7.649e+03  7.835e+03  7.961e+03  7.971e+03  7.896e+03  7.765e+03  7.669e+03  2.000e+00  1.000e+02
 H          NCN                                         HCNN                                                    1.000e-02  3.000e-02  1.000e-01  3.000e-01  1.000e+00  3.000e+00  1.000e+01  3.000e+01  1.000e+02  1.150e-11  1.179e-10  1.823e-09  1.490e-08  8.822e-08  2.555e-07  4.908e-07  6.412e-07  4.444e-07 -4.340e+00 -4.710e+00 -5.130e+00 -5.360e+00 -5.430e+00 -5.340e+00 -5.090e+00 -4.720e+00 -4.150e+00  2.691e+03  2.064e+03  1.883e+03  1.986e+03  2.222e+03  2.451e+03  2.654e+03  2.756e+03  2.702e+03  2.000e+00  1.000e+02
 NCN        H                                           HCN        N4S                                          1.000e-02  3.000e-02  1.000e-01  3.000e-01  1.000e+00  3.000e+00  1.000e+01  3.000e+01  1.000e+02  2.096e-11  2.096e-11  2.096e-11  2.096e-11  2.096e-11  2.096e-11  2.096e-11  2.070e-11  2.125e-11  7.100e-01  7.100e-01  7.100e-01  7.100e-01  7.100e-01  7.100e-01  7.100e-01  7.000e-01  6.900e-01  2.678e+03  2.678e+03  2.678e+03  2.678e+03  2.678e+03  2.678e+03  2.678e+03  2.681e+03  2.703e+03  2.000e+00  1.000e+02
 NCN        H                                           HNC        N4S                                          1.000e-02  3.000e-02  1.000e-01  3.000e-01  1.000e+00  3.000e+00  1.000e+01  3.000e+01  1.000e+02  2.843e-16  2.843e-16  2.916e-16  2.916e-16  2.961e-16  3.010e-16  3.280e-16  4.439e-16  8.011e-16  4.700e+00  4.700e+00  4.700e+00  4.700e+00  4.690e+00  4.670e+00  4.620e+00  4.520e+00  4.320e+00  1.228e+03  1.228e+03  1.228e+03  1.227e+03  1.225e+03  1.219e+03  1.212e+03  1.319e+03  1.832e+03  2.000e+00  1.000e+02
 NCN        OH                                          NCNOH                                                   1.000e-02  3.000e-02  5.000e-02  1.000e-01  3.000e-01  1.000e+00  3.000e+00  1.000e+01  3.000e+01  1.000e+02  8.944e-10  2.283e-09  3.757e-09  9.246e-09  1.988e-08  4.969e-08  7.794e-08  9.725e-08  8.028e-08  4.177e-08 -6.650e+00 -6.590e+00 -6.550e+00 -6.700e+00 -6.510e+00 -6.370e+00 -6.080e+00 -5.670e+00 -5.110e+00 -4.350e+00  1.368e+03  1.479e+03  1.531e+03  1.722e+03  1.801e+03  1.975e+03  2.066e+03  2.122e+03  2.056e+03  1.857e+03  2.000e+00  1.000e+02
 NCN        OH                                          NCO        NH                                           1.000e-02  3.000e-02  5.000e-02  1.000e-01  3.000e-01  1.000e+00  3.000e+00  1.000e+01  3.000e+01  1.000e+02  6.331e-12  9.119e-12  1.133e-11  1.700e-11  3.364e-11  8.271e-11  1.555e-10  2.572e-10  2.341e-10  8.379e-11 -9.500e-01 -1.080e+00 -1.170e+00 -1.300e+00 -1.550e+00 -1.830e+00 -2.030e+00 -2.080e+00 -1.880e+00 -1.250e+00  3.694e+02  5.676e+02  7.000e+02  9.274e+02  1.404e+03  2.085e+03  2.822e+03  3.693e+03  4.462e+03  5.143e+03  2.000e+00  1.000e+02
 NCN        OH                                          HCN        NO                                           1.000e-02  3.000e-02  5.000e-02  1.000e-01  3.000e-01  1.000e+00  3.000e+00  1.000e+01  3.000e+01  1.000e+02  5.445e-14  7.323e-14  8.544e-14  1.103e-13  2.060e-13  4.543e-13  1.091e-12  2.875e-12  5.657e-12  6.672e-12  2.040e+00  1.940e+00  1.870e+00  1.760e+00  1.540e+00  1.220e+00  8.900e-01  5.600e-01  3.800e-01  4.800e-01  7.573e+02  8.796e+02  9.571e+02  1.088e+03  1.372e+03  1.808e+03  2.327e+03  3.012e+03  3.688e+03  4.355e+03  2.000e+00  1.000e+02
 CH3        NH2                                         CH3NH2                                                  1.000e-01  1.000e+00  1.000e+01  6.687e-02  1.687e-01  1.912e-02 -1.272e+01 -1.199e+01 -1.015e+01  7.854e+03  8.449e+03  7.894e+03  2.000e+00  1.000e+02
 CH3        NH2                                         CH2NH2     H                                            1.000e-01  1.000e+00  1.000e+01  8.702e-12  2.001e-11  1.229e-11 -1.300e-01 -4.300e-01  0.000e+00  4.984e+03  5.589e+03  6.074e+03  2.000e+00  1.000e+02
 CH3        NH2                                         CH3NH      H                                            1.000e-01  1.000e+00  1.000e+01  8.470e-12  1.247e-11  2.118e-11 -1.500e-01 -3.100e-01 -4.200e-01  8.124e+03  8.374e+03  8.989e+03  2.000e+00  1.000e+02
 CH3        NH2                                         CH2NH      H2                                           1.000e-01  1.000e+00  1.000e+01  1.971e-13  2.547e-13  4.918e-13 -1.000e-01 -2.000e-01 -4.000e-01  9.609e+03  9.764e+03  1.032e+04  2.000e+00  1.000e+02
 H2CN       OH                                          HCN        H2O                                          1.000e-01  1.000e+00  1.000e+01  2.404e-11  9.913e-11  9.762e-10 -1.680e+00 -2.180e+00 -2.910e+00  1.600e+02  1.090e+03  2.835e+03  2.000e+00  1.000e+02
 H2CN       OH                                          HCN        H2O                                          1.000e-01  1.000e+00  1.000e+01  1.793e-13  1.793e-13  1.793e-13  2.000e+00  2.000e+00  2.000e+00 -5.998e+02 -5.998e+02 -5.998e+02  2.000e+00  1.000e+02
 SO2        OH                                          HOSO2                                                   3.000e-01  1.000e+00  1.000e+01  1.291e-12  2.837e-12  1.692e-13 -3.920e+00 -3.660e+00  1.840e+00  4.430e+02  5.010e+02 -6.459e+02  2.000e+00  1.000e+02
 CH3        SH                                          1CH2       H2S                                          1.000e-02  1.000e-01  1.000e+00  1.000e+01  1.000e+02  1.805e-11  2.370e-11  1.523e-10  1.216e-08  1.932e-09 -6.690e-01 -7.780e-01 -1.518e+00 -3.155e+00 -1.962e+00  1.384e+04  1.409e+04  1.510e+04  1.761e+04  1.812e+04  2.000e+00  1.000e+02
 C2H2       SH                                          CH3        CS                                           1.000e-02  2.500e-02  1.000e-01  1.000e+00  1.000e+01  1.000e+02  1.146e-14  2.133e-14  5.067e-14  1.364e-13  1.361e-13  3.321e-14  1.680e+00  1.400e+00  1.050e+00  7.300e-01  9.200e-01  1.770e+00  6.039e+03  6.039e+03  6.542e+03  7.800e+03  7.901e+03  8.404e+03  2.000e+00  1.000e+02
 CH3        SH                                          CH2S       H2                                           1.000e-02  1.000e-01  1.000e+00  1.000e+01  1.000e+02  2.158e-15  2.848e-15  7.046e-15  4.586e-14  5.630e-11  1.441e+00  1.327e+00  9.730e-01  2.870e-01 -2.199e+00 -1.632e+03 -1.497e+03 -1.011e+03  1.409e+02  4.916e+03  2.000e+00  1.000e+02
 CH3        SH                                          CH2SH      H                                            1.000e-02  1.000e-01  1.000e+00  1.000e+01  1.000e+02  6.614e-12  6.768e-12  9.005e-12  5.438e-11  2.063e-10  9.650e-01  9.500e-01  8.330e-01  1.340e-01 -1.860e-01  1.168e+04  1.170e+04  1.186e+04  1.290e+04  1.439e+04  2.000e+00  1.000e+02
 CH3        SH                                          H          CH3S                                         1.000e-02  1.000e-01  1.000e+00  1.000e+01  1.000e+02  6.473e-13  6.484e-13  6.524e-13  7.336e-13  2.017e-12  1.016e+00  1.016e+00  1.011e+00  9.650e-01  5.510e-01  6.008e+03  6.008e+03  6.013e+03  6.069e+03  6.577e+03  2.000e+00  1.000e+02
 CS2        H                                           SCSH                                                    1.000e-02  3.000e-02  1.000e-01  3.000e-01  1.000e+00  3.000e+00  1.000e+01  3.000e+01  1.000e+02  2.649e-11  7.765e-11  2.408e-10  6.087e-10  1.553e-09  2.762e-09  4.159e-09  4.242e-09  4.221e-09 -4.890e+00 -4.850e+00 -4.770e+00 -4.650e+00 -4.430e+00 -4.150e+00 -3.680e+00 -3.100e+00 -2.560e+00  1.469e+03  1.570e+03  1.687e+03  1.795e+03  1.903e+03  1.977e+03  2.003e+03  1.958e+03  1.923e+03  2.000e+00  1.000e+02
 CS         SH                                          SCSH                                                    1.000e+01  3.000e+01  1.000e+02  3.000e+02  1.000e+03  1.920e-19  6.351e-18  3.479e-16  1.188e-14  6.772e-13  3.740e+00  2.400e+00  1.020e+00  6.000e-02 -8.500e-01 -4.645e+02 -8.343e+02 -1.192e+03 -1.398e+03 -1.086e+03  2.000e+00  1.000e+02
 CS         SH                                          SCHS                                                    1.000e-02  3.000e-02  1.000e-01  3.000e-01  1.000e+00  3.000e+00  1.000e+01  3.000e+01  1.000e+02  3.000e+02  1.000e+03  4.547e-17  1.535e-18  5.506e-18  3.027e-18  7.155e-18  3.272e-17  3.876e-16  7.076e-15  1.334e-13  7.950e-13  1.519e-12 -2.560e+00 -6.300e-01 -7.500e-01 -4.000e-02  8.000e-02 -1.100e-01 -5.800e-01 -1.200e+00 -1.660e+00 -1.670e+00 -1.190e+00  5.131e+03  2.699e+03  2.027e+03  6.869e+02 -2.244e+02 -8.233e+02 -1.140e+03 -9.903e+02 -5.772e+02 -2.224e+02 -2.315e+01  2.000e+00  1.000e+02
 CH2S       SH                                          CH3S2                                                   1.000e-06  3.000e-06  1.000e-05  3.000e-05  1.000e-04  3.000e-04  1.000e-03  3.000e-03  1.000e-02  3.000e-02  1.000e-01  3.000e-01  1.000e+00  3.000e+00  1.000e+01  3.000e+01  1.000e+02  3.000e+02  1.000e+03  9.242e-14  1.067e-13  1.020e-13  9.444e-14  7.832e-14  7.361e-14  1.272e-13  1.095e-13  9.008e-14  7.934e-14  9.557e-14  1.621e-13  4.323e-13  1.290e-12  5.740e-12  1.375e-11  1.841e-11  8.655e-12  1.946e-12 -7.650e+00 -7.630e+00 -7.570e+00 -7.440e+00 -7.230e+00 -7.080e+00 -7.210e+00 -6.920e+00 -6.420e+00 -5.890e+00 -5.360e+00 -4.990e+00 -4.710e+00 -4.500e+00 -4.460e+00 -4.140e+00 -3.470e+00 -2.440e+00 -1.120e+00  2.312e+03  2.335e+03  2.323e+03  2.289e+03  2.226e+03  2.203e+03  2.364e+03  2.319e+03  2.242e+03  2.197e+03  2.253e+03  2.431e+03  2.759e+03  3.137e+03  3.712e+03  4.143e+03  4.492e+03  4.606e+03  4.570e+03  2.000e+00  1.000e+02
 CH2S       SH                                          CH2S2H                                                  1.000e-06  3.000e-06  1.000e-05  3.000e-05  1.000e-04  3.000e-04  1.000e-03  3.000e-03  1.000e-02  3.000e-02  1.000e-01  3.000e-01  1.000e+00  3.000e+00  1.000e+01  3.000e+01  1.000e+02  3.000e+02  1.000e+03  4.790e-16  1.553e-15  5.977e-15  2.228e-14  9.491e-14  3.322e-13  1.245e-12  3.901e-12  1.283e-11  3.975e-11  1.397e-10  4.185e-10  1.272e-09  2.604e-09  3.987e-09  3.156e-09  1.659e-09  1.568e-08  5.163e-09 -5.270e+00 -5.320e+00 -5.390e+00 -5.510e+00 -5.650e+00 -5.740e+00 -5.760e+00 -5.790e+00 -5.790e+00 -5.770e+00 -5.760e+00 -5.740e+00 -5.610e+00 -5.340e+00 -4.820e+00 -4.080e+00 -3.180e+00 -3.930e+00 -2.720e+00  2.461e+02  2.707e+02  3.145e+02  3.865e+02  4.745e+02  5.359e+02  5.696e+02  6.034e+02  6.356e+02  6.748e+02  7.448e+02  8.374e+02  9.370e+02  1.002e+03  1.005e+03  8.660e+02  5.943e+02  1.464e+03  1.353e+03  2.000e+00  1.000e+02
 CH2S       SH                                          HSCH2S                                                  1.000e-06  3.000e-06  1.000e-05  3.000e-05  1.000e-04  3.000e-04  1.000e-03  3.000e-03  1.000e-02  3.000e-02  1.000e-01  3.000e-01  1.000e+00  3.000e+00  1.000e+01  3.000e+01  1.000e+02  3.000e+02  1.000e+03  3.905e-16  1.271e-15  5.219e-15  1.881e-14  8.879e-14  3.170e-13  1.212e-12  3.737e-12  1.247e-11  3.441e-11  1.118e-10  2.417e-10  4.241e-10  5.032e-10  5.649e-10  2.874e-10  1.558e-10  5.638e-11  3.056e-11 -5.430e+00 -5.510e+00 -5.600e+00 -5.730e+00 -5.920e+00 -6.020e+00 -6.080e+00 -6.060e+00 -5.990e+00 -5.880e+00 -5.810e+00 -5.580e+00 -5.150e+00 -4.600e+00 -4.060e+00 -3.130e+00 -2.310e+00 -1.330e+00 -6.500e-01  3.276e+02  3.668e+02  4.247e+02  5.052e+02  6.346e+02  7.302e+02  8.409e+02  9.425e+02  1.074e+03  1.210e+03  1.422e+03  1.572e+03  1.676e+03  1.707e+03  1.761e+03  1.563e+03  1.399e+03  1.116e+03  1.025e+03  2.000e+00  1.000e+02
 CH2S       SH                                          CH3        S2                                           1.000e-06  3.000e-06  1.000e-05  3.000e-05  1.000e-04  3.000e-04  1.000e-03  3.000e-03  1.000e-02  3.000e-02  1.000e-01  3.000e-01  1.000e+00  3.000e+00  1.000e+01  3.000e+01  1.000e+02  3.000e+02  1.000e+03  6.048e-16  6.156e-16  6.223e-16  6.189e-16  6.618e-16  7.245e-16  7.708e-16  8.805e-16  1.100e-15  1.375e-15  1.985e-15  3.079e-15  5.624e-15  1.151e-14  2.846e-14  7.292e-14  1.932e-13  2.821e-13  7.710e-14  3.840e+00  3.840e+00  3.830e+00  3.810e+00  3.790e+00  3.770e+00  3.720e+00  3.670e+00  3.600e+00  3.500e+00  3.360e+00  3.180e+00  2.930e+00  2.650e+00  2.300e+00  1.970e+00  1.680e+00  1.670e+00  2.430e+00  9.068e+02  9.093e+02  9.174e+02  9.325e+02  9.561e+02  9.833e+02  1.029e+03  1.085e+03  1.169e+03  1.279e+03  1.443e+03  1.654e+03  1.961e+03  2.333e+03  2.853e+03  3.445e+03  4.213e+03  4.914e+03  5.263e+03  2.000e+00  1.000e+02
 CH2S       CH3                                         CH2SCH3                                                 1.000e-06  3.000e-06  1.000e-05  3.000e-05  1.000e-04  3.000e-04  1.000e-03  3.000e-03  1.000e-02  3.000e-02  1.000e-01  3.000e-01  1.000e+00  3.000e+00  1.000e+01  3.000e+01  1.000e+02  3.000e+02  1.000e+03  2.518e-12  1.194e-11  4.188e-11  1.353e-10  4.179e-10  1.158e-09  3.235e-09  6.842e-09  1.211e-08  1.496e-08  2.884e-08  1.772e-08  6.567e-09  1.719e-09  9.963e-10  1.829e-10  7.725e-11  3.091e-11  1.163e-11 -8.310e+00 -8.620e+00 -8.600e+00 -8.570e+00 -8.500e+00 -8.390e+00 -8.200e+00 -7.940e+00 -7.540e+00 -7.000e+00 -6.720e+00 -5.860e+00 -4.690e+00 -3.480e+00 -2.790e+00 -1.530e+00 -8.000e-01 -1.500e-01  5.500e-01  1.985e+03  2.218e+03  2.333e+03  2.462e+03  2.609e+03  2.756e+03  2.917e+03  3.049e+03  3.161e+03  3.191e+03  3.382e+03  3.235e+03  2.930e+03  2.532e+03  2.377e+03  1.859e+03  1.595e+03  1.325e+03  1.012e+03  2.000e+00  1.000e+02
 CH2S       CH3                                         C2H4       SH                                           1.000e-06  3.000e-06  1.000e-05  3.000e-05  1.000e-04  3.000e-04  1.000e-03  3.000e-03  1.000e-02  3.000e-02  1.000e-01  3.000e-01  1.000e+00  3.000e+00  1.000e+01  3.000e+01  1.000e+02  3.000e+02  1.000e+03  6.437e-12  6.437e-12  6.437e-12  6.437e-12  6.437e-12  6.437e-12  6.415e-12  6.415e-12  6.202e-12  6.672e-12  9.739e-12  1.747e-11  2.801e-11  2.500e-11  9.743e-12  1.927e-12  1.968e-13  2.111e-14  6.845e-16 -4.800e-01 -4.800e-01 -4.800e-01 -4.800e-01 -4.800e-01 -4.800e-01 -4.800e-01 -4.800e-01 -4.900e-01 -5.200e-01 -6.500e-01 -8.600e-01 -1.000e+00 -8.500e-01 -3.200e-01  4.800e-01  1.560e+00  2.600e+00  4.140e+00  1.532e+03  1.532e+03  1.532e+03  1.532e+03  1.532e+03  1.532e+03  1.532e+03  1.532e+03  1.534e+03  1.569e+03  1.748e+03  2.095e+03  2.543e+03  2.842e+03  2.944e+03  2.817e+03  2.546e+03  2.336e+03  1.920e+03  2.000e+00  1.000e+02
 CH2S       CH3                                         CH3CH2S                                                 1.000e-03  3.000e-03  1.000e-02  3.000e-02  1.000e-01  3.000e-01  1.000e+00  3.000e+00  1.000e+01  3.000e+01  1.000e+02  3.000e+02  1.000e+03  4.933e-16  4.028e-15  9.605e-14  3.253e-12  1.328e-10  8.033e-10  2.850e-09  1.733e-09  1.157e-09  2.512e-10  9.476e-11  3.822e-11  6.686e-12 -2.910e+00 -3.410e+00 -4.250e+00 -5.150e+00 -5.960e+00 -5.870e+00 -5.580e+00 -4.600e+00 -3.810e+00 -2.560e+00 -1.720e+00 -1.010e+00  1.100e-01  2.664e+03  2.142e+03  1.952e+03  2.234e+03  2.840e+03  3.162e+03  3.455e+03  3.291e+03  3.176e+03  2.707e+03  2.416e+03  2.137e+03  1.589e+03  2.000e+00  1.000e+02
 C2H4       SH                                          CH3CH2S                                                 1.000e-06  3.000e-06  1.000e-05  3.000e-05  1.000e-04  3.000e-04  1.000e-03  3.000e-03  1.000e-02  3.000e-02  1.000e-01  3.000e-01  1.000e+00  3.000e+00  1.000e+01  3.000e+01  1.000e+02  3.000e+02  1.000e+03  1.617e-13  2.607e-13  3.926e-13  5.237e-13  6.514e-13  7.076e-13  2.241e-12  1.704e-12  7.555e-13  2.681e-13  4.209e-13  1.347e-13  2.233e-13  1.125e-13  2.336e-13  1.702e-13  1.878e-13  9.011e-14  3.948e-15 -8.290e+00 -7.820e+00 -7.230e+00 -6.640e+00 -5.970e+00 -5.270e+00 -5.270e+00 -4.420e+00 -3.300e+00 -2.100e+00 -1.940e+00 -8.400e-01 -7.800e-01 -7.000e-02 -2.100e-01  2.900e-01  4.700e-01  1.050e+00  2.740e+00  2.486e+03  2.570e+03  2.639e+03  2.686e+03  2.732e+03  2.737e+03  3.097e+03  3.009e+03  2.787e+03  2.475e+03  2.666e+03  2.345e+03  2.570e+03  2.451e+03  2.859e+03  2.966e+03  3.334e+03  3.437e+03  2.831e+03  2.000e+00  1.000e+02
 OCS        S                                           OCS2                                                    6.600e-02  6.600e-01  3.319e-11  1.732e-10 -8.220e+00 -8.220e+00  4.769e+03  4.769e+03  2.000e+00  1.000e+02
 OCS        S                                           OCS2                                                    6.600e-02  6.600e-01  9.361e-11  4.851e-10 -6.980e+00 -6.980e+00  4.205e+03  4.205e+03  2.000e+00  1.000e+02
